80
2377
26 1 765
42 2 931
60 3 128
22 4 32
73 5 56
76 6 387
53 7 238
25 8 477
61 9 238
9 10 487
2 11 621
73 12 18
69 13 328
55 14 627
70 15 383
22 16 433
47 17 874
76 18 34
60 19 402
76 20 858
67 21 859
69 22 270
33 23 624
30 24 752
28 25 160
61 26 756
6 27 912
64 28 202
70 29 569
23 30 84
0 31 923
47 32 11
68 33 978
23 34 654
69 35 848
50 36 731
41 37 667
7 38 632
71 39 856
8 40 171
39 41 536
33 42 945
2 43 418
65 44 557
3 45 890
37 46 737
41 47 481
26 48 833
13 49 860
57 50 86
0 51 977
36 52 713
70 53 919
4 54 49
68 55 429
45 56 638
1 57 190
4 58 870
8 59 884
40 60 89
64 61 387
6 62 296
66 63 703
57 64 363
35 65 81
38 66 595
8 67 765
24 68 453
67 69 599
69 70 64
33 71 72
47 72 713
34 73 955
44 74 317
24 75 213
1 76 854
73 77 700
52 78 442
29 79 631
65 78 511
78 65 511
31 5 723
5 31 723
5 78 950
78 5 950
64 76 38
76 64 38
23 12 671
12 23 671
46 75 770
75 46 770
22 9 37
9 22 37
45 37 623
37 45 623
14 78 782
78 14 782
37 31 435
31 37 435
41 44 2
44 41 2
2 24 832
24 2 832
60 31 416
31 60 416
66 62 834
62 66 834
13 40 428
40 13 428
69 4 67
4 69 67
45 28 775
28 45 775
1 61 413
61 1 413
53 69 823
69 53 823
66 16 884
16 66 884
31 29 707
29 31 707
16 39 587
39 16 587
20 58 696
58 20 696
28 54 612
54 28 612
27 19 194
19 27 194
5 56 65
56 5 65
23 48 872
48 23 872
38 47 759
47 38 759
22 66 948
66 22 948
76 27 177
27 76 177
51 9 618
9 51 618
78 31 321
31 78 321
72 17 234
17 72 234
54 16 771
16 54 771
0 11 543
11 0 543
73 4 53
4 73 53
11 48 318
48 11 318
14 65 361
65 14 361
37 50 824
50 37 824
5 26 286
26 5 286
24 10 997
10 24 997
13 23 878
23 13 878
53 21 965
21 53 965
11 2 602
2 11 602
30 44 188
44 30 188
17 72 775
72 17 775
9 24 893
24 9 893
51 51 588
51 51 588
35 52 145
52 35 145
74 19 693
19 74 693
32 66 863
66 32 863
46 16 961
16 46 961
31 78 251
78 31 251
38 45 434
45 38 434
68 79 160
79 68 160
30 61 421
61 30 421
38 27 660
27 38 660
14 62 586
62 14 586
46 41 685
41 46 685
24 43 575
43 24 575
22 35 821
35 22 821
64 7 116
7 64 116
60 3 234
3 60 234
45 11 483
11 45 483
50 29 761
29 50 761
46 55 178
55 46 178
16 23 747
23 16 747
22 66 447
66 22 447
77 45 389
45 77 389
55 62 525
62 55 525
60 17 75
17 60 75
79 25 912
25 79 912
42 13 631
13 42 631
69 48 485
48 69 485
77 11 90
11 77 90
5 40 269
40 5 269
19 15 887
15 19 887
23 45 863
45 23 863
37 27 395
27 37 395
50 2 13
2 50 13
71 66 147
66 71 147
32 16 144
16 32 144
76 58 350
58 76 350
9 35 981
35 9 981
57 51 199
51 57 199
0 38 489
38 0 489
41 22 699
22 41 699
78 25 925
25 78 925
6 71 940
71 6 940
34 32 748
32 34 748
44 27 40
27 44 40
40 49 860
49 40 860
54 70 311
70 54 311
70 60 687
60 70 687
16 61 804
61 16 804
25 67 857
67 25 857
6 26 940
26 6 940
64 64 494
64 64 494
47 57 76
57 47 76
77 15 36
15 77 36
36 41 556
41 36 556
65 57 366
57 65 366
5 78 908
78 5 908
66 9 788
9 66 788
28 63 940
63 28 940
36 34 175
34 36 175
56 70 554
70 56 554
56 66 243
66 56 243
3 16 415
16 3 415
60 7 170
7 60 170
55 73 7
73 55 7
57 41 895
41 57 895
17 29 95
29 17 95
76 44 556
44 76 556
50 20 398
20 50 398
11 49 522
49 11 522
3 36 495
36 3 495
39 57 370
57 39 370
43 70 610
70 43 610
19 35 444
35 19 444
33 30 139
30 33 139
10 8 789
8 10 789
43 77 330
77 43 330
76 71 167
71 76 167
45 51 979
51 45 979
7 18 552
18 7 552
54 47 727
47 54 727
25 62 180
62 25 180
76 17 13
17 76 13
67 54 216
54 67 216
19 10 545
10 19 545
72 68 157
68 72 157
41 29 34
29 41 34
67 10 476
10 67 476
54 32 334
32 54 334
40 3 35
3 40 35
23 41 876
41 23 876
18 22 510
22 18 510
0 45 267
45 0 267
44 58 681
58 44 681
54 71 222
71 54 222
7 62 24
62 7 24
8 76 152
76 8 152
0 15 313
15 0 313
10 77 691
77 10 691
37 64 362
64 37 362
75 74 390
74 75 390
60 18 373
18 60 373
23 58 394
58 23 394
18 30 948
30 18 948
33 72 612
72 33 612
71 52 897
52 71 897
49 23 521
23 49 521
77 62 591
62 77 591
49 23 986
23 49 986
46 22 728
22 46 728
67 18 161
18 67 161
10 79 705
79 10 705
24 0 220
0 24 220
37 6 180
6 37 180
61 8 147
8 61 147
64 30 249
30 64 249
53 50 370
50 53 370
13 23 522
23 13 522
18 66 585
66 18 585
69 57 7
57 69 7
56 31 710
31 56 710
72 63 605
63 72 605
18 49 318
49 18 318
73 3 457
3 73 457
43 25 112
25 43 112
57 54 657
54 57 657
5 44 66
44 5 66
32 73 777
73 32 777
0 9 142
9 0 142
79 13 252
13 79 252
73 58 568
58 73 568
68 51 403
51 68 403
77 33 911
33 77 911
20 77 9
77 20 9
45 11 161
11 45 161
26 30 582
30 26 582
52 68 241
68 52 241
17 33 269
33 17 269
45 60 582
60 45 582
4 40 673
40 4 673
55 34 104
34 55 104
20 38 758
38 20 758
16 44 273
44 16 273
56 29 393
29 56 393
12 8 921
8 12 921
38 17 24
17 38 24
16 24 205
24 16 205
15 50 599
50 15 599
61 56 808
56 61 808
22 32 898
32 22 898
57 62 279
62 57 279
65 47 368
47 65 368
50 53 54
53 50 54
42 37 281
37 42 281
69 48 844
48 69 844
62 49 87
49 62 87
50 33 470
33 50 470
55 48 763
48 55 763
23 23 483
23 23 483
32 48 574
48 32 574
71 75 409
75 71 409
15 59 455
59 15 455
6 43 53
43 6 53
0 45 158
45 0 158
64 51 584
51 64 584
59 11 652
11 59 652
27 17 676
17 27 676
7 32 730
32 7 730
45 65 921
65 45 921
41 5 911
5 41 911
14 68 210
68 14 210
71 0 963
0 71 963
21 38 589
38 21 589
8 63 921
63 8 921
61 55 275
55 61 275
40 19 120
19 40 120
59 0 57
0 59 57
66 24 873
24 66 873
61 26 980
26 61 980
71 72 220
72 71 220
18 20 546
20 18 546
73 73 966
73 73 966
38 75 269
75 38 269
28 35 453
35 28 453
62 55 197
55 62 197
6 13 215
13 6 215
25 15 652
15 25 652
28 41 418
41 28 418
77 30 231
30 77 231
46 46 735
46 46 735
20 1 859
1 20 859
15 75 45
75 15 45
68 8 738
8 68 738
22 17 571
17 22 571
9 74 404
74 9 404
2 39 282
39 2 282
62 8 1
8 62 1
9 20 974
20 9 974
11 2 363
2 11 363
16 60 567
60 16 567
18 7 197
7 18 197
39 7 240
7 39 240
59 23 988
23 59 988
29 29 797
29 29 797
67 58 80
58 67 80
33 8 330
8 33 330
17 12 670
12 17 670
3 10 181
10 3 181
45 32 969
32 45 969
18 51 22
51 18 22
13 36 424
36 13 424
49 75 935
75 49 935
14 63 312
63 14 312
64 24 621
24 64 621
63 31 714
31 63 714
65 61 255
61 65 255
34 32 860
32 34 860
36 78 856
78 36 856
69 4 942
4 69 942
25 1 105
1 25 105
19 72 250
72 19 250
22 57 596
57 22 596
21 0 352
0 21 352
20 19 383
19 20 383
33 8 32
8 33 32
77 7 776
7 77 776
43 78 35
78 43 35
50 8 769
8 50 769
61 40 722
40 61 722
6 48 96
48 6 96
69 72 886
72 69 886
30 43 61
43 30 61
11 47 964
47 11 964
3 46 503
46 3 503
76 45 661
45 76 661
78 72 151
72 78 151
41 39 649
39 41 649
6 26 849
26 6 849
20 52 44
52 20 44
17 57 898
57 17 898
74 15 123
15 74 123
62 57 600
57 62 600
23 16 953
16 23 953
52 64 744
64 52 744
7 1 570
1 7 570
2 22 976
22 2 976
62 36 392
36 62 392
54 70 487
70 54 487
56 70 882
70 56 882
76 17 20
17 76 20
49 9 540
9 49 540
77 20 444
20 77 444
30 54 655
54 30 655
24 24 746
24 24 746
65 62 668
62 65 668
8 47 37
47 8 37
52 52 548
52 52 548
76 68 381
68 76 381
51 32 827
32 51 827
23 56 322
56 23 322
22 10 116
10 22 116
42 7 354
7 42 354
47 42 292
42 47 292
24 3 436
3 24 436
34 49 239
49 34 239
21 35 550
35 21 550
25 62 438
62 25 438
36 40 641
40 36 641
14 52 176
52 14 176
33 13 485
13 33 485
79 37 755
37 79 755
9 24 846
24 9 846
57 6 870
6 57 870
79 3 798
3 79 798
19 53 374
53 19 374
9 33 750
33 9 750
6 49 521
49 6 521
71 28 590
28 71 590
75 65 549
65 75 549
51 5 883
5 51 883
70 33 991
33 70 991
22 62 50
62 22 50
22 69 501
69 22 501
65 55 139
55 65 139
20 32 775
32 20 775
10 37 874
37 10 874
16 65 357
65 16 357
34 23 477
23 34 477
54 20 964
20 54 964
44 66 995
66 44 995
74 54 820
54 74 820
42 15 284
15 42 284
33 54 214
54 33 214
30 64 67
64 30 67
19 15 406
15 19 406
23 79 476
79 23 476
77 20 157
20 77 157
69 14 826
14 69 826
27 35 916
35 27 916
36 37 291
37 36 291
11 58 278
58 11 278
73 25 535
25 73 535
9 9 244
9 9 244
20 64 625
64 20 625
20 28 378
28 20 378
27 10 945
10 27 945
10 58 961
58 10 961
7 37 235
37 7 235
3 24 101
24 3 101
71 79 240
79 71 240
12 61 50
61 12 50
49 50 741
50 49 741
20 58 731
58 20 731
42 61 963
61 42 963
43 15 504
15 43 504
45 52 766
52 45 766
46 48 209
48 46 209
69 70 580
70 69 580
43 35 747
35 43 747
11 36 201
36 11 201
47 47 10
47 47 10
35 55 361
55 35 361
7 57 982
57 7 982
18 70 337
70 18 337
70 69 856
69 70 856
56 52 468
52 56 468
56 49 596
49 56 596
34 36 453
36 34 453
6 49 742
49 6 742
12 7 309
7 12 309
9 2 162
2 9 162
9 23 765
23 9 765
40 32 770
32 40 770
6 6 207
6 6 207
10 38 727
38 10 727
9 39 163
39 9 163
49 74 472
74 49 472
28 52 129
52 28 129
67 9 144
9 67 144
39 37 886
37 39 886
70 45 980
45 70 980
9 42 686
42 9 686
27 50 71
50 27 71
40 38 75
38 40 75
12 41 303
41 12 303
48 22 535
22 48 535
24 1 462
1 24 462
72 2 846
2 72 846
68 59 61
59 68 61
50 36 447
36 50 447
73 26 712
26 73 712
75 29 728
29 75 728
38 30 70
30 38 70
11 28 984
28 11 984
18 49 441
49 18 441
24 4 408
4 24 408
77 31 315
31 77 315
34 43 308
43 34 308
71 23 542
23 71 542
2 60 663
60 2 663
3 31 370
31 3 370
32 38 879
38 32 879
43 68 631
68 43 631
9 55 903
55 9 903
61 63 741
63 61 741
64 27 692
27 64 692
27 70 267
70 27 267
65 7 573
7 65 573
9 72 863
72 9 863
72 9 341
9 72 341
22 41 284
41 22 284
33 72 31
72 33 31
6 25 104
25 6 104
56 35 135
35 56 135
31 39 796
39 31 796
15 8 231
8 15 231
69 37 258
37 69 258
33 1 445
1 33 445
38 34 911
34 38 911
10 41 1
41 10 1
78 60 404
60 78 404
7 23 740
23 7 740
66 48 203
48 66 203
25 74 369
74 25 369
53 40 646
40 53 646
43 72 39
72 43 39
3 23 556
23 3 556
67 66 225
66 67 225
61 43 670
43 61 670
2 45 252
45 2 252
23 9 468
9 23 468
78 30 962
30 78 962
29 55 2
55 29 2
74 18 711
18 74 711
10 2 242
2 10 242
28 44 650
44 28 650
18 47 14
47 18 14
63 50 862
50 63 862
51 15 937
15 51 937
67 40 293
40 67 293
68 45 79
45 68 79
73 67 637
67 73 637
12 50 668
50 12 668
44 54 638
54 44 638
13 51 616
51 13 616
41 68 475
68 41 475
17 4 257
4 17 257
31 16 808
16 31 808
70 70 36
70 70 36
19 21 133
21 19 133
76 10 619
10 76 619
13 50 800
50 13 800
68 24 813
24 68 813
78 55 242
55 78 242
79 60 715
60 79 715
30 52 926
52 30 926
66 22 596
22 66 596
42 37 463
37 42 463
3 33 80
33 3 80
12 7 996
7 12 996
16 34 201
34 16 201
18 2 948
2 18 948
16 47 445
47 16 445
63 2 927
2 63 927
43 17 789
17 43 789
67 68 814
68 67 814
29 66 76
66 29 76
59 78 124
78 59 124
46 23 917
23 46 917
11 49 342
49 11 342
10 27 658
27 10 658
56 65 556
65 56 556
25 34 537
34 25 537
70 40 139
40 70 139
59 12 282
12 59 282
17 39 315
39 17 315
1 52 700
52 1 700
5 51 348
51 5 348
24 33 493
33 24 493
63 7 894
7 63 894
72 6 430
6 72 430
0 11 176
11 0 176
34 49 513
49 34 513
39 36 148
36 39 148
29 26 600
26 29 600
46 59 882
59 46 882
23 53 289
53 23 289
17 18 222
18 17 222
6 31 127
31 6 127
50 57 327
57 50 327
73 57 693
57 73 693
58 75 266
75 58 266
76 75 693
75 76 693
24 1 259
1 24 259
42 49 787
49 42 787
61 65 460
65 61 460
23 36 163
36 23 163
65 36 331
36 65 331
12 78 909
78 12 909
78 6 854
6 78 854
75 64 514
64 75 514
76 49 668
49 76 668
73 17 588
17 73 588
71 74 314
74 71 314
2 14 772
14 2 772
22 50 564
50 22 564
14 31 37
31 14 37
39 52 846
52 39 846
27 20 509
20 27 509
68 41 839
41 68 839
28 6 393
6 28 393
72 68 136
68 72 136
35 43 815
43 35 815
14 43 750
43 14 750
32 15 683
15 32 683
16 71 891
71 16 891
18 24 814
24 18 814
14 29 339
29 14 339
50 37 277
37 50 277
75 12 409
12 75 409
25 76 104
76 25 104
74 77 768
77 74 768
77 21 771
21 77 771
54 54 521
54 54 521
26 63 897
63 26 897
46 4 497
4 46 497
46 23 652
23 46 652
63 66 954
66 63 954
23 73 749
73 23 749
14 26 935
26 14 935
0 76 677
76 0 677
44 27 473
27 44 473
15 49 838
49 15 838
75 74 895
74 75 895
6 41 39
41 6 39
57 27 312
27 57 312
37 42 208
42 37 208
19 7 3
7 19 3
10 51 4
51 10 4
7 4 656
4 7 656
51 10 162
10 51 162
46 77 487
77 46 487
53 59 389
59 53 389
17 31 976
31 17 976
14 29 759
29 14 759
71 13 558
13 71 558
31 28 679
28 31 679
65 52 286
52 65 286
11 42 6
42 11 6
8 67 742
67 8 742
9 35 111
35 9 111
51 58 359
58 51 359
18 69 974
69 18 974
42 57 754
57 42 754
40 31 618
31 40 618
72 33 122
33 72 122
49 37 837
37 49 837
59 17 423
17 59 423
19 25 745
25 19 745
14 45 594
45 14 594
36 39 754
39 36 754
48 62 898
62 48 898
16 70 244
70 16 244
30 21 91
21 30 91
51 35 960
35 51 960
78 51 992
51 78 992
44 43 29
43 44 29
38 77 852
77 38 852
75 77 85
77 75 85
68 48 70
48 68 70
57 0 952
0 57 952
72 32 39
32 72 39
48 15 820
15 48 820
60 41 810
41 60 810
28 25 457
25 28 457
67 48 805
48 67 805
3 5 111
5 3 111
49 40 441
40 49 441
38 16 214
16 38 214
33 2 694
2 33 694
32 25 464
25 32 464
67 70 203
70 67 203
2 39 230
39 2 230
66 21 736
21 66 736
11 17 73
17 11 73
41 5 620
5 41 620
33 62 697
62 33 697
23 35 837
35 23 837
59 22 274
22 59 274
55 33 549
33 55 549
66 64 81
64 66 81
65 27 50
27 65 50
22 70 970
70 22 970
1 71 91
71 1 91
20 35 937
35 20 937
59 61 622
61 59 622
30 29 385
29 30 385
14 6 678
6 14 678
32 47 957
47 32 957
21 71 960
71 21 960
60 64 68
64 60 68
65 68 749
68 65 749
18 46 577
46 18 577
3 62 236
62 3 236
44 42 609
42 44 609
20 35 776
35 20 776
40 22 885
22 40 885
38 16 879
16 38 879
40 74 678
74 40 678
6 6 302
6 6 302
62 68 928
68 62 928
73 9 418
9 73 418
9 13 981
13 9 981
23 30 745
30 23 745
56 73 155
73 56 155
15 36 460
36 15 460
74 24 858
24 74 858
17 41 767
41 17 767
64 25 937
25 64 937
76 36 843
36 76 843
46 74 470
74 46 470
42 44 66
44 42 66
17 66 990
66 17 990
1 35 324
35 1 324
69 32 382
32 69 382
24 47 987
47 24 987
37 74 477
74 37 477
44 74 689
74 44 689
74 24 423
24 74 423
52 57 818
57 52 818
44 13 462
13 44 462
63 33 218
33 63 218
64 58 636
58 64 636
66 61 625
61 66 625
45 54 502
54 45 502
64 24 592
24 64 592
13 4 627
4 13 627
47 37 570
37 47 570
33 43 504
43 33 504
1 54 407
54 1 407
38 70 316
70 38 316
61 61 646
61 61 646
77 14 388
14 77 388
49 34 633
34 49 633
45 29 315
29 45 315
76 66 145
66 76 145
64 49 719
49 64 719
35 64 11
64 35 11
40 68 367
68 40 367
57 44 890
44 57 890
45 42 658
42 45 658
30 29 418
29 30 418
3 72 660
72 3 660
44 73 383
73 44 383
43 24 38
24 43 38
5 45 903
45 5 903
72 11 789
11 72 789
29 12 353
12 29 353
26 5 48
5 26 48
24 52 787
52 24 787
45 44 820
44 45 820
38 53 332
53 38 332
39 13 33
13 39 33
75 36 236
36 75 236
14 20 694
20 14 694
47 17 346
17 47 346
3 46 513
46 3 513
38 70 625
70 38 625
76 20 10
20 76 10
22 4 56
4 22 56
0 49 227
49 0 227
77 27 387
27 77 387
69 46 2
46 69 2
46 70 41
70 46 41
77 55 860
55 77 860
64 20 157
20 64 157
5 66 269
66 5 269
74 76 626
76 74 626
4 56 64
56 4 64
70 31 357
31 70 357
45 59 299
59 45 299
74 71 358
71 74 358
65 8 644
8 65 644
70 5 788
5 70 788
50 8 809
8 50 809
53 34 123
34 53 123
53 43 947
43 53 947
38 50 298
50 38 298
9 15 111
15 9 111
23 55 558
55 23 558
43 11 458
11 43 458
56 68 590
68 56 590
48 64 592
64 48 592
30 2 515
2 30 515
57 7 470
7 57 470
34 70 341
70 34 341
0 54 193
54 0 193
48 25 391
25 48 391
59 47 624
47 59 624
13 62 729
62 13 729
17 51 860
51 17 860
79 43 849
43 79 849
28 14 743
14 28 743
17 70 380
70 17 380
61 12 135
12 61 135
17 25 422
25 17 422
70 24 766
24 70 766
47 55 981
55 47 981
73 51 304
51 73 304
57 66 629
66 57 629
59 4 342
4 59 342
47 44 258
44 47 258
17 37 699
37 17 699
42 18 299
18 42 299
67 59 71
59 67 71
59 36 583
36 59 583
51 52 927
52 51 927
29 13 359
13 29 359
73 17 675
17 73 675
12 57 815
57 12 815
46 5 388
5 46 388
0 71 569
71 0 569
1 4 515
4 1 515
20 1 409
1 20 409
11 60 257
60 11 257
18 7 415
7 18 415
59 36 580
36 59 580
28 50 957
50 28 957
44 7 509
7 44 509
77 61 841
61 77 841
13 18 708
18 13 708
47 74 6
74 47 6
67 57 19
57 67 19
20 49 782
49 20 782
77 12 49
12 77 49
6 15 666
15 6 666
6 56 163
56 6 163
30 61 254
61 30 254
30 7 995
7 30 995
21 4 737
4 21 737
33 73 462
73 33 462
1 61 41
61 1 41
77 62 555
62 77 555
55 44 731
44 55 731
27 59 737
59 27 737
50 37 976
37 50 976
28 27 579
27 28 579
22 67 541
67 22 541
13 18 685
18 13 685
28 67 147
67 28 147
77 68 262
68 77 262
62 58 245
58 62 245
16 21 549
21 16 549
15 38 187
38 15 187
50 56 650
56 50 650
35 35 660
35 35 660
38 73 73
73 38 73
44 14 529
14 44 529
68 74 21
74 68 21
16 77 996
77 16 996
11 64 370
64 11 370
31 69 607
69 31 607
66 45 637
45 66 637
65 50 362
50 65 362
12 29 63
29 12 63
60 45 598
45 60 598
28 1 460
1 28 460
51 46 318
46 51 318
71 25 190
25 71 190
13 28 672
28 13 672
63 78 59
78 63 59
59 18 697
18 59 697
5 12 214
12 5 214
42 21 967
21 42 967
35 78 245
78 35 245
53 57 350
57 53 350
21 68 932
68 21 932
74 72 949
72 74 949
35 0 735
0 35 735
47 57 573
57 47 573
26 74 99
74 26 99
26 11 222
11 26 222
44 27 294
27 44 294
37 62 708
62 37 708
55 70 105
70 55 105
28 26 43
26 28 43
9 79 992
79 9 992
78 18 471
18 78 471
9 31 495
31 9 495
35 29 337
29 35 337
45 2 223
2 45 223
6 33 625
33 6 625
68 24 857
24 68 857
44 24 434
24 44 434
1 74 675
74 1 675
30 12 948
12 30 948
34 56 606
56 34 606
63 56 794
56 63 794
32 7 367
7 32 367
17 76 966
76 17 966
73 24 441
24 73 441
54 28 572
28 54 572
49 51 702
51 49 702
9 9 541
9 9 541
44 35 536
35 44 536
76 33 494
33 76 494
20 29 502
29 20 502
50 74 181
74 50 181
53 25 924
25 53 924
43 66 379
66 43 379
64 18 268
18 64 268
13 46 998
46 13 998
32 21 82
21 32 82
64 79 73
79 64 73
27 45 897
45 27 897
24 59 44
59 24 44
58 32 993
32 58 993
63 76 602
76 63 602
59 49 133
49 59 133
76 39 74
39 76 74
75 37 788
37 75 788
15 13 998
13 15 998
12 5 699
5 12 699
55 53 342
53 55 342
17 40 937
40 17 937
45 32 665
32 45 665
34 15 781
15 34 781
75 34 484
34 75 484
14 17 698
17 14 698
4 74 313
74 4 313
49 37 401
37 49 401
56 48 196
48 56 196
36 45 491
45 36 491
1 22 220
22 1 220
58 32 59
32 58 59
38 17 821
17 38 821
32 38 445
38 32 445
48 27 624
27 48 624
8 49 492
49 8 492
53 23 310
23 53 310
4 66 10
66 4 10
75 60 794
60 75 794
11 73 66
73 11 66
40 43 242
43 40 242
56 10 585
10 56 585
20 70 99
70 20 99
52 20 281
20 52 281
0 44 885
44 0 885
19 61 427
61 19 427
49 68 160
68 49 160
66 70 289
70 66 289
22 25 645
25 22 645
53 52 647
52 53 647
55 38 657
38 55 657
11 9 737
9 11 737
43 2 594
2 43 594
72 39 162
39 72 162
75 3 941
3 75 941
78 70 309
70 78 309
51 59 633
59 51 633
24 16 658
16 24 658
69 59 316
59 69 316
72 18 811
18 72 811
15 34 686
34 15 686
64 63 37
63 64 37
22 50 478
50 22 478
4 12 731
12 4 731
26 51 265
51 26 265
55 63 388
63 55 388
28 25 874
25 28 874
8 36 159
36 8 159
55 57 619
57 55 619
26 70 301
70 26 301
19 15 17
15 19 17
45 45 17
45 45 17
10 55 672
55 10 672
26 34 65
34 26 65
31 39 221
39 31 221
47 71 196
71 47 196
68 6 423
6 68 423
8 66 818
66 8 818
8 26 380
26 8 380
53 7 140
7 53 140
19 1 696
1 19 696
47 36 808
36 47 808
69 32 906
32 69 906
66 56 705
56 66 705
57 31 926
31 57 926
19 30 509
30 19 509
28 10 806
10 28 806
28 54 609
54 28 609
76 64 701
64 76 701
40 47 543
47 40 543
9 35 411
35 9 411
28 24 853
24 28 853
78 43 606
43 78 606
21 22 125
22 21 125
61 24 506
24 61 506
70 62 711
62 70 711
30 38 9
38 30 9
42 67 317
67 42 317
74 4 678
4 74 678
75 13 529
13 75 529
32 39 10
39 32 10
14 30 797
30 14 797
76 64 705
64 76 705
61 7 632
7 61 632
8 74 296
74 8 296
45 21 176
21 45 176
42 75 502
75 42 502
18 46 939
46 18 939
13 35 570
35 13 570
2 42 155
42 2 155
13 6 455
6 13 455
76 10 294
10 76 294
60 22 915
22 60 915
1 28 975
28 1 975
32 34 551
34 32 551
7 25 515
25 7 515
42 36 600
36 42 600
8 52 1
52 8 1
26 61 331
61 26 331
52 55 122
55 52 122
14 72 399
72 14 399
5 4 912
4 5 912
56 57 189
57 56 189
5 46 631
46 5 631
47 34 378
34 47 378
10 44 229
44 10 229
63 31 65
31 63 65
9 48 452
48 9 452
58 34 61
34 58 61
64 77 689
77 64 689
32 20 452
20 32 452
41 19 633
19 41 633
71 9 413
9 71 413
58 49 387
49 58 387
29 58 649
58 29 649
20 13 353
13 20 353
45 28 762
28 45 762
75 42 848
42 75 848
75 42 527
42 75 527
71 1 885
1 71 885
66 58 262
58 66 262
9 59 552
59 9 552
9 47 480
47 9 480
64 40 518
40 64 518
8 0 935
0 8 935
67 20 357
20 67 357
64 5 851
5 64 851
52 51 390
51 52 390
21 41 673
41 21 673
47 19 86
19 47 86
11 51 420
51 11 420
31 49 824
49 31 824
67 27 543
27 67 543
73 55 293
55 73 293
58 71 691
71 58 691
27 12 24
12 27 24
39 15 988
15 39 988
41 54 101
54 41 101
66 32 51
32 66 51
4 41 573
41 4 573
37 64 70
64 37 70
67 18 231
18 67 231
8 33 827
33 8 827
11 64 886
64 11 886
4 71 475
71 4 475
36 72 542
72 36 542
13 4 402
4 13 402
8 57 82
57 8 82
63 38 590
38 63 590
42 58 512
58 42 512
76 59 791
59 76 791
53 72 188
72 53 188
44 51 763
51 44 763
52 61 8
61 52 8
66 62 312
62 66 312
56 58 277
58 56 277
64 39 954
39 64 954
60 21 897
21 60 897
14 18 44
18 14 44
0 64 99
64 0 99
67 23 225
23 67 225
66 32 797
32 66 797
41 6 883
6 41 883
35 28 10
28 35 10
32 17 662
17 32 662
26 49 254
49 26 254
71 3 404
3 71 404
7 10 226
10 7 226
49 58 675
58 49 675
24 47 451
47 24 451
15 52 119
52 15 119
15 65 617
65 15 617
8 71 394
71 8 394
9 77 103
77 9 103
56 66 884
66 56 884
56 43 177
43 56 177
17 74 708
74 17 708
5 26 854
26 5 854
38 5 188
5 38 188
35 49 116
49 35 116
54 63 244
63 54 244
35 28 801
28 35 801
4 8 543
8 4 543
5 43 78
43 5 78
35 23 826
23 35 826
45 9 107
9 45 107
65 75 478
75 65 478
44 22 963
22 44 963
44 4 653
4 44 653
37 55 508
55 37 508
48 15 819
15 48 819
68 7 722
7 68 722
60 5 361
5 60 361
39 53 53
53 39 53
11 28 285
28 11 285
27 32 514
32 27 514
31 35 386
35 31 386
17 26 28
26 17 28
40 54 33
54 40 33
48 0 971
0 48 971
67 44 703
44 67 703
31 12 273
12 31 273
79 65 293
65 79 293
51 32 591
32 51 591
75 0 195
0 75 195
27 20 738
20 27 738
10 49 151
49 10 151
24 76 10
76 24 10
67 58 343
58 67 343
37 48 36
48 37 36
63 38 990
38 63 990
77 31 215
31 77 215
75 16 829
16 75 829
30 73 618
73 30 618
10 23 711
23 10 711
29 50 332
50 29 332
78 13 689
13 78 689
26 71 322
71 26 322
79 14 267
14 79 267
69 54 664
54 69 664
19 78 281
78 19 281
6 17 373
17 6 373
31 20 79
20 31 79
7 16 883
16 7 883
55 43 207
43 55 207
8 26 894
26 8 894
41 14 565
14 41 565
76 69 486
69 76 486
56 40 756
40 56 756
70 57 654
57 70 654
3 7 265
7 3 265
31 38 844
38 31 844
69 12 360
12 69 360
40 8 751
8 40 751
9 63 967
63 9 967
70 30 128
30 70 128
37 65 111
65 37 111
1 63 303
63 1 303
53 68 139
68 53 139
36 27 897
27 36 897
5 29 870
29 5 870
27 18 455
18 27 455
64 63 161
63 64 161
76 73 298
73 76 298
70 47 87
47 70 87
67 24 371
24 67 371
24 49 206
49 24 206
39 53 502
53 39 502
22 77 690
77 22 690
52 14 476
14 52 476
3 79 335
79 3 335
74 17 859
17 74 859
62 77 796
77 62 796
55 60 180
60 55 180
19 11 409
11 19 409
65 35 518
35 65 518
12 34 685
34 12 685
75 70 176
70 75 176
27 52 489
52 27 489
16 3 615
3 16 615
35 25 220
25 35 220
32 7 908
7 32 908
17 0 469
0 17 469
43 37 669
37 43 669
32 35 958
35 32 958
10 25 883
25 10 883
20 24 58
24 20 58
2 51 324
51 2 324
62 52 656
52 62 656
67 71 238
71 67 238
17 36 344
36 17 344
50 32 197
32 50 197
29 45 104
45 29 104
33 7 63
7 33 63
0 56 420
56 0 420
42 25 215
25 42 215
78 71 635
71 78 635
57 18 901
18 57 901
69 62 389
62 69 389
11 44 756
44 11 756
2 16 883
16 2 883
19 39 49
39 19 49
36 53 937
53 36 937
51 78 726
78 51 726
52 58 264
58 52 264
16 64 585
64 16 585
53 42 912
42 53 912
27 56 874
56 27 874
5 33 665
33 5 665
9 50 948
50 9 948
8 70 193
70 8 193
78 34 445
34 78 445
39 28 99
28 39 99
9 59 767
59 9 767
11 39 764
39 11 764
12 35 118
35 12 118
44 72 833
72 44 833
60 55 559
55 60 559
74 66 857
66 74 857
79 24 435
24 79 435
15 17 748
17 15 748
73 20 952
20 73 952
22 57 407
57 22 407
76 67 48
67 76 48
3 17 581
17 3 581
61 8 396
8 61 396
25 56 16
56 25 16
62 6 508
6 62 508
28 13 34
13 28 34
10 79 391
79 10 391
9 38 835
38 9 835
64 48 501
48 64 501
59 45 886
45 59 886
63 73 569
73 63 569
28 74 393
74 28 393
9 7 903
7 9 903
78 44 692
44 78 692
25 68 981
68 25 981
11 42 373
42 11 373
43 23 744
23 43 744
23 48 653
48 23 653
25 54 841
54 25 841
26 27 574
27 26 574
14 74 984
74 14 984
60 27 423
27 60 423
7 30 246
30 7 246
7 69 415
69 7 415
58 73 406
73 58 406
64 35 345
35 64 345
7 11 787
11 7 787
34 54 250
54 34 250
36 51 949
51 36 949
16 62 645
62 16 645
42 77 819
77 42 819
28 58 720
58 28 720
26 60 896
60 26 896
48 1 398
1 48 398
8 12 415
12 8 415
18 9 332
9 18 332
17 39 882
39 17 882
71 59 714
59 71 714
60 22 153
22 60 153
12 49 569
49 12 569
46 71 763
71 46 763
8 28 801
28 8 801
0 61 757
61 0 757
2 68 625
68 2 625
35 3 887
3 35 887
35 43 191
43 35 191
9 0 31
0 9 31
79 51 23
51 79 23
75 24 232
24 75 232
13 24 567
24 13 567
37 57 72
57 37 72
73 76 200
76 73 200
9 4 399
4 9 399
75 78 26
78 75 26
35 7 562
7 35 562
31 2 974
2 31 974
62 16 294
16 62 294
20 28 110
28 20 110
67 61 693
61 67 693
20 60 421
60 20 421
9 45 209
45 9 209
24 37 618
37 24 618
16 43 490
43 16 490
27 33 658
33 27 658
19 35 734
35 19 734
12 70 673
70 12 673
58 60 431
60 58 431
68 33 281
33 68 281
58 6 737
6 58 737
40 40 517
40 40 517
72 0 75
0 72 75
54 70 598
70 54 598
29 42 804
42 29 804
18 22 526
22 18 526
61 74 917
74 61 917
14 28 614
28 14 614
9 74 174
74 9 174
12 0 51
0 12 51
9 61 599
61 9 599
23 45 311
45 23 311
35 51 986
51 35 986
60 0 193
0 60 193
19 51 512
51 19 512
43 18 166
18 43 166
54 38 555
38 54 555
28 27 986
27 28 986
69 31 969
31 69 969
25 38 904
38 25 904
79 46 390
46 79 390
50 60 304
60 50 304
72 20 991
20 72 991
39 76 923
76 39 923
54 79 792
79 54 792
0 77 971
77 0 971
17 69 114
69 17 114
43 20 510
20 43 510
15 0 633
0 15 633
30 23 15
23 30 15
59 63 109
63 59 109
5 73 910
73 5 910
65 10 633
10 65 633
38 12 153
12 38 153
53 20 14
20 53 14
63 62 147
62 63 147
70 2 505
2 70 505
17 18 212
18 17 212
63 9 935
9 63 935
40 9 715
9 40 715
67 20 420
20 67 420
65 49 199
49 65 199
49 3 590
3 49 590
61 0 901
0 61 901
10 64 734
64 10 734
63 32 266
32 63 266
60 13 921
13 60 921
57 35 169
35 57 169
29 26 244
26 29 244
38 44 721
44 38 721
53 14 925
14 53 925
63 25 886
25 63 886
53 45 542
45 53 542
15 58 360
58 15 360
61 57 48
57 61 48
5 62 140
62 5 140
36 47 435
47 36 435
15 79 719
79 15 719
37 68 45
68 37 45
36 28 315
28 36 315
38 75 211
75 38 211
31 61 824
61 31 824
2 78 999
78 2 999
14 41 100
41 14 100
78 75 825
75 78 825
42 63 48
63 42 48
61 75 793
75 61 793
31 1 584
1 31 584
32 37 522
37 32 522
12 24 339
24 12 339
30 2 125
2 30 125
40 69 342
69 40 342
58 73 672
73 58 672
9 73 971
73 9 971
25 41 107
41 25 107
23 67 440
67 23 440
56 40 980
40 56 980
28 49 850
49 28 850
56 79 107
79 56 107
11 23 504
23 11 504
7 54 418
54 7 418
50 57 821
57 50 821
74 75 157
75 74 157
23 18 815
18 23 815
73 67 446
67 73 446
22 31 196
31 22 196
28 51 585
51 28 585
53 9 287
9 53 287
42 23 799
23 42 799
46 18 520
18 46 520
38 64 906
64 38 906
30 65 26
65 30 26
17 77 626
77 17 626
54 78 293
78 54 293
25 48 239
48 25 239
23 9 27
9 23 27
42 65 499
65 42 499
60 10 193
10 60 193
54 28 741
28 54 741
62 23 332
23 62 332
3 61 54
61 3 54
28 33 339
33 28 339
34 12 150
12 34 150
70 38 975
38 70 975
53 65 211
65 53 211
45 13 807
13 45 807
24 56 526
56 24 526
47 48 489
48 47 489
21 65 771
65 21 771
27 57 497
57 27 497
63 48 71
48 63 71
41 56 532
56 41 532
43 68 725
68 43 725
7 24 752
24 7 752
45 62 362
62 45 362
11 10 572
10 11 572
18 10 342
10 18 342
77 33 830
33 77 830
43 75 440
75 43 440
79 7 877
7 79 877
16 13 479
13 16 479
68 14 437
14 68 437
27 32 825
32 27 825
1 75 115
75 1 115
7 12 584
12 7 584
12 4 868
4 12 868
38 30 853
30 38 853
57 16 2
16 57 2
76 52 765
52 76 765
19 5 59
5 19 59
26 64 224
64 26 224
69 8 727
8 69 727
24 33 615
33 24 615
8 35 204
35 8 204
66 48 259
48 66 259
58 37 999
37 58 999
29 36 477
36 29 477
68 39 627
39 68 627
72 39 959
39 72 959
12 29 127
29 12 127
10 69 772
69 10 772
5 19 551
19 5 551
56 41 628
41 56 628
44 12 980
12 44 980
65 74 509
74 65 509
62 35 153
35 62 153
38 48 739
48 38 739
34 73 948
73 34 948
72 57 13
57 72 13
28 26 996
26 28 996
51 73 576
73 51 576
12 14 93
14 12 93
79 75 530
75 79 530
58 43 638
43 58 638
59 60 899
60 59 899
6 17 965
17 6 965
48 66 635
66 48 635
8 55 23
55 8 23
66 64 752
64 66 752
10 55 401
55 10 401
61 29 432
29 61 432
7 22 920
22 7 920
31 63 276
63 31 276
74 59 786
59 74 786
37 25 795
25 37 795
73 41 950
41 73 950
24 53 354
53 24 354
28 74 326
74 28 326
25 42 70
42 25 70
71 78 919
78 71 919
31 15 487
15 31 487
70 67 347
67 70 347
14 74 887
74 14 887
2 36 844
36 2 844
45 50 714
50 45 714
10 76 873
76 10 873
66 2 273
2 66 273
78 17 536
17 78 536
61 73 224
73 61 224
20 7 256
7 20 256
3 71 324
71 3 324
28 50 456
50 28 456
76 36 302
36 76 302
66 71 880
71 66 880
14 24 863
24 14 863
56 34 236
34 56 236
79 78 959
78 79 959
35 12 712
12 35 712
53 37 108
37 53 108
3 13 252
13 3 252
69 77 664
77 69 664
35 6 434
6 35 434
52 66 931
66 52 931
2 7 63
7 2 63
45 48 737
48 45 737
6 41 813
41 6 813
5 60 195
60 5 195
54 72 617
72 54 617
42 68 693
68 42 693
68 45 699
45 68 699
33 75 286
75 33 286
45 11 115
11 45 115
70 7 229
7 70 229
69 73 124
73 69 124
25 26 100
26 25 100
25 6 304
6 25 304
68 66 922
66 68 922
45 0 603
0 45 603
5 19 682
19 5 682
0 59 357
59 0 357
42 65 258
65 42 258
25 76 720
76 25 720
44 30 683
30 44 683
69 31 760
31 69 760
46 4 820
4 46 820
42 73 317
73 42 317
21 44 391
44 21 391
21 26 213
26 21 213
79 75 109
75 79 109
34 20 174
20 34 174
13 15 874
15 13 874
36 0 77
0 36 77
22 46 509
46 22 509
29 5 907
5 29 907
9 44 696
44 9 696
73 31 808
31 73 808
46 59 877
59 46 877
18 42 488
42 18 488
45 4 31
4 45 31
24 42 269
42 24 269
33 20 884
20 33 884
26 54 998
54 26 998
29 0 885
0 29 885
47 52 519
52 47 519
37 72 738
72 37 738
65 73 883
73 65 883
68 27 706
27 68 706
19 32 811
32 19 811
54 17 427
17 54 427
11 64 625
64 11 625
50 5 864
5 50 864
76 24 176
24 76 176
5 62 15
62 5 15
41 79 779
79 41 779
58 21 274
21 58 274
62 59 486
59 62 486
48 2 681
2 48 681
28 30 13
30 28 13
76 30 186
30 76 186
58 44 730
44 58 730
67 14 422
14 67 422
9 33 380
33 9 380
64 54 887
54 64 887
37 8 809
8 37 809
15 58 488
58 15 488
79 44 924
44 79 924
36 20 549
20 36 549
7 23 723
23 7 723
41 41 10
41 41 10
53 54 777
54 53 777
23 24 759
24 23 759
6 70 458
70 6 458
21 62 190
62 21 190
23 44 401
44 23 401
70 15 482
15 70 482
68 3 380
3 68 380
67 10 605
10 67 605
50 73 264
73 50 264
6 23 547
23 6 547
56 26 805
26 56 805
75 56 525
56 75 525
78 20 995
20 78 995
66 0 875
0 66 875
9 0 961
0 9 961
5 11 410
11 5 410
28 74 626
74 28 626
6 68 128
68 6 128
32 45 233
45 32 233
59 54 325
54 59 325
33 60 480
60 33 480
12 56 248
56 12 248
46 30 51
30 46 51
50 28 473
28 50 473
66 59 581
59 66 581
39 68 641
68 39 641
11 59 479
59 11 479
38 74 223
74 38 223
16 2 726
2 16 726
14 32 244
32 14 244
50 6 712
6 50 712
69 66 952
66 69 952
6 69 331
69 6 331
10 64 914
64 10 914
9 52 64
52 9 64
14 74 459
74 14 459
1 72 682
72 1 682
51 33 694
33 51 694
37 32 280
32 37 280
58 36 390
36 58 390
64 50 122
50 64 122
7 53 5
53 7 5
62 77 750
77 62 750
42 15 633
15 42 633
29 3 603
3 29 603
59 44 163
44 59 163
48 75 88
75 48 88
19 30 856
30 19 856
26 3 132
3 26 132
71 19 287
19 71 287
50 30 88
30 50 88
71 55 9
55 71 9
31 60 757
60 31 757
60 65 968
65 60 968
26 42 153
42 26 153
54 64 574
64 54 574
3 74 239
74 3 239
41 48 177
48 41 177
0 67 217
67 0 217
4 5 461
5 4 461
74 33 616
33 74 616
62 10 227
10 62 227
18 36 87
36 18 87
27 77 181
77 27 181
47 46 708
46 47 708
47 52 113
52 47 113
57 45 456
45 57 456
19 15 659
15 19 659
50 50 681
50 50 681
76 79 529
79 76 529
74 17 516
17 74 516
64 15 925
15 64 925
35 12 298
12 35 298
63 77 313
77 63 313
64 16 599
16 64 599
61 61 54
61 61 54
79 54 166
54 79 166
72 49 407
49 72 407
56 34 573
34 56 573
39 47 507
47 39 507
75 35 850
35 75 850
5 74 173
74 5 173
29 21 469
21 29 469
76 62 412
62 76 412
0 22 21
22 0 21
5 17 740
17 5 740
69 40 346
40 69 346
21 16 774
16 21 774
6 37 266
37 6 266
62 50 847
50 62 847
76 71 870
71 76 870
1 52 527
52 1 527
68 79 731
79 68 731
28 56 106
56 28 106
64 57 336
57 64 336
3 19 755
19 3 755
39 43 524
43 39 524
61 28 748
28 61 748
13 8 792
8 13 792
29 5 647
5 29 647
32 18 375
18 32 375
26 16 923
16 26 923
58 0 721
0 58 721
62 66 475
66 62 475
67 79 775
79 67 775
55 7 711
7 55 711
68 44 862
44 68 862
74 59 676
59 74 676
30 37 7
37 30 7
78 39 680
39 78 680
10 76 72
76 10 72
9 72 250
72 9 250
72 65 619
65 72 619
40 33 915
33 40 915
72 42 279
42 72 279
50 19 566
19 50 566
10 50 743
50 10 743
62 0 578
0 62 578
8 62 888
62 8 888
72 4 392
4 72 392
18 37 559
37 18 559
30 50 83
50 30 83
6 0 310
0 6 310
4 15 871
15 4 871
6 5 575
5 6 575
49 68 187
68 49 187
20 46 52
46 20 52
4 12 930
12 4 930
21 2 541
2 21 541
60 1 523
1 60 523
62 61 490
61 62 490
69 37 862
37 69 862
53 32 499
32 53 499
52 59 739
59 52 739
30 69 469
69 30 469
12 38 879
38 12 879
57 3 58
3 57 58
38 11 750
11 38 750
35 23 77
23 35 77
10 16 276
16 10 276
49 56 508
56 49 508
7 6 750
6 7 750
13 1 186
1 13 186
32 46 477
46 32 477
55 55 656
55 55 656
41 1 257
1 41 257
28 21 214
21 28 214
0 29 856
29 0 856
71 71 996
71 71 996
15 39 963
39 15 963
43 70 137
70 43 137
55 69 180
69 55 180
31 18 694
18 31 694
50 40 324
40 50 324
71 5 969
5 71 969
23 13 596
13 23 596
8 75 411
75 8 411
20 68 469
68 20 469
5 42 769
42 5 769
56 15 232
15 56 232
51 12 732
12 51 732
52 73 686
73 52 686
51 21 988
21 51 988
48 55 400
55 48 400
56 19 462
19 56 462
66 74 307
74 66 307
13 6 978
6 13 978
34 2 642
2 34 642
27 79 866
79 27 866
53 17 64
17 53 64
68 59 34
59 68 34
21 21 980
21 21 980
64 7 421
7 64 421
42 70 545
70 42 545
74 42 849
42 74 849
22 76 317
76 22 317
49 11 464
11 49 464
63 16 254
16 63 254
33 63 226
63 33 226
32 68 553
68 32 553
78 31 451
31 78 451
16 76 767
76 16 767
21 56 399
56 21 399
25 11 467
11 25 467
5 20 230
20 5 230
33 44 860
44 33 860
71 78 535
78 71 535
16 39 391
39 16 391
18 40 176
40 18 176
13 2 575
2 13 575
75 37 896
37 75 896
53 4 623
4 53 623
40 64 60
64 40 60
78 13 565
13 78 565
69 7 288
7 69 288
25 35 941
35 25 941
32 53 200
53 32 200
60 68 113
68 60 113
64 29 335
29 64 335
7 47 306
47 7 306
50 76 64
76 50 64
43 1 59
1 43 59
15 31 319
31 15 319
19 65 807
65 19 807
67 9 27
9 67 27
15 31 225
31 15 225
8 62 942
62 8 942
17 7 633
7 17 633
79 6 460
6 79 460
67 23 972
23 67 972
78 47 291
47 78 291
8 1 513
1 8 513
70 0 845
0 70 845
42 24 325
24 42 325
30 26 848
26 30 848
8 13 243
13 8 243
12 67 175
67 12 175
68 70 753
70 68 753
13 3 952
3 13 952
24 68 831
68 24 831
12 70 101
70 12 101
4 21 362
21 4 362
48 24 18
24 48 18
52 36 870
36 52 870
12 24 930
24 12 930
65 38 31
38 65 31
27 27 108
27 27 108
55 63 54
63 55 54
23 76 248
76 23 248
27 64 806
64 27 806
46 2 803
2 46 803
53 53 617
53 53 617
39 18 803
18 39 803
64 19 224
19 64 224
46 44 235
44 46 235
43 13 354
13 43 354
34 72 510
72 34 510
79 42 805
42 79 805
16 22 986
22 16 986
74 26 793
26 74 793
39 64 44
64 39 44
27 47 321
47 27 321
12 14 178
14 12 178
65 44 248
44 65 248
73 35 745
35 73 745
20 68 903
68 20 903
32 6 302
6 32 302
26 20 543
20 26 543
76 54 755
54 76 755
18 62 612
62 18 612
49 29 725
29 49 725
7 13 308
13 7 308
62 11 483
11 62 483
2 37 846
37 2 846
10 26 53
26 10 53
29 55 710
55 29 710
55 42 969
42 55 969
53 10 733
10 53 733
46 74 498
74 46 498
1 6 427
6 1 427
68 17 975
17 68 975
23 8 730
8 23 730
0 43 56
43 0 56
50 59 127
59 50 127
65 57 148
57 65 148
60 79 591
79 60 591
23 57 949
57 23 949
71 17 647
17 71 647
21 26 581
26 21 581
65 77 535
77 65 535
26 72 603
72 26 603
9 27 902
27 9 902
67 65 295
65 67 295
1 30 990
30 1 990
2 19 909
19 2 909
35 28 623
28 35 623
30 32 88
32 30 88
54 54 923
54 54 923
32 3 520
3 32 520
56 7 364
7 56 364
61 6 175
6 61 175
51 60 661
60 51 661
29 67 76
67 29 76
69 57 406
57 69 406
64 32 522
32 64 522
78 58 970
58 78 970
17 51 635
51 17 635
72 4 845
4 72 845
65 0 247
0 65 247
51 50 935
50 51 935
70 43 457
43 70 457
16 30 98
30 16 98
79 11 348
11 79 348
6 51 925
51 6 925
46 66 869
66 46 869
55 25 586
25 55 586
7 41 147
41 7 147
72 61 968
61 72 968
66 46 815
46 66 815
77 52 757
52 77 757
68 72 857
72 68 857
29 18 821
18 29 821
45 30 899
30 45 899
54 66 799
66 54 799
9 17 46
17 9 46
13 46 515
46 13 515
25 22 301
22 25 301
69 10 854
10 69 854
45 14 874
14 45 874
9 23 506
23 9 506
41 42 598
42 41 598
10 15 980
15 10 980
71 59 558
59 71 558
63 41 595
41 63 595
38 46 558
46 38 558
73 33 526
33 73 526
10 61 409
61 10 409
1 76 608
76 1 608
46 28 35
28 46 35
13 20 21
20 13 21
66 32 820
32 66 820
2 55 141
55 2 141
74 70 81
70 74 81
60 79 461
79 60 461
32 4 168
4 32 168
34 25 822
25 34 822
31 30 962
30 31 962
60 40 716
40 60 716
35 57 295
57 35 295
11 22 778
22 11 778
40 68 512
68 40 512
22 47 180
47 22 180
8 42 713
42 8 713
44 47 0
47 44 0
2 15 545
15 2 545
72 40 596
40 72 596
19 23 40
23 19 40
5 37 904
37 5 904
24 79 659
79 24 659
65 61 43
61 65 43
62 23 934
23 62 934
52 64 164
64 52 164
48 2 576
2 48 576
7 20 862
20 7 862
34 13 6
13 34 6
79 43 496
43 79 496
39 4 211
4 39 211
13 76 187
76 13 187
20 41 776
41 20 776
34 19 326
19 34 326
24 44 628
44 24 628
19 62 182
62 19 182
51 2 425
2 51 425
42 64 935
64 42 935
3 20 954
20 3 954
29 34 563
34 29 563
15 50 67
50 15 67
66 2 550
2 66 550
12 72 159
72 12 159
56 64 508
64 56 508
28 34 305
34 28 305
77 32 454
32 77 454
1 2 744
2 1 744
9 9 997
9 9 997
23 39 894
39 23 894
5 14 103
14 5 103
16 52 156
52 16 156
40 69 606
69 40 606
8 28 310
28 8 310
67 13 316
13 67 316
40 71 613
71 40 613
61 30 648
30 61 648
73 17 701
17 73 701
31 56 177
56 31 177
32 19 134
19 32 134
25 45 754
45 25 754
54 36 375
36 54 375
58 11 682
11 58 682
37 15 868
15 37 868
7 36 565
36 7 565
7 30 248
30 7 248
57 55 853
55 57 853
9 11 736
11 9 736
3 11 543
11 3 543
42 32 550
32 42 550
68 36 980
36 68 980
8 27 684
27 8 684
59 15 804
15 59 804
4 78 508
78 4 508
63 71 701
71 63 701
60 71 996
71 60 996
5 56 227
56 5 227
9 60 872
60 9 872
55 4 741
4 55 741
68 16 471
16 68 471
64 59 175
59 64 175
10 24 511
24 10 511
32 37 92
37 32 92
32 4 990
4 32 990
14 64 644
64 14 644
48 72 264
72 48 264
62 45 153
45 62 153
17 21 516
21 17 516
66 37 12
37 66 12
38 5 670
5 38 670
19 54 144
54 19 144
47 53 592
53 47 592
22 50 137
50 22 137
76 7 898
7 76 898
24 66 554
66 24 554
75 39 615
39 75 615
32 46 421
46 32 421
9 34 585
34 9 585
14 48 613
48 14 613
22 34 318
34 22 318
69 19 288
19 69 288
32 64 362
64 32 362
23 13 717
13 23 717
66 22 671
22 66 671
13 29 705
29 13 705
55 48 787
48 55 787
63 30 259
30 63 259
24 19 113
19 24 113
25 25 568
25 25 568
52 79 605
79 52 605
64 27 693
27 64 693
25 22 141
22 25 141
65 28 267
28 65 267
42 54 973
54 42 973
6 78 85
78 6 85
10 7 710
7 10 710
18 66 798
66 18 798
51 67 60
67 51 60
79 60 893
60 79 893
10 33 281
33 10 281
8 9 63
9 8 63
30 59 706
59 30 706
39 68 434
68 39 434
6 17 142
17 6 142
39 60 226
60 39 226
42 0 95
0 42 95
18 7 592
7 18 592
79 66 334
66 79 334
63 20 866
20 63 866
4 78 146
78 4 146
26 38 958
38 26 958
73 55 974
55 73 974
49 45 105
45 49 105
62 28 478
28 62 478
75 50 130
50 75 130
8 26 803
26 8 803
28 5 369
5 28 369
64 64 33
64 64 33
44 16 136
16 44 136
7 20 22
20 7 22
77 59 499
59 77 499
36 19 95
19 36 95
0 60 910
60 0 910
58 13 66
13 58 66
5 21 247
21 5 247
45 23 520
23 45 520
46 64 131
64 46 131
69 54 84
54 69 84
28 50 124
50 28 124
41 69 77
69 41 77
61 68 561
68 61 561
27 52 307
52 27 307
70 18 386
18 70 386
23 43 736
43 23 736
51 57 271
57 51 271
44 14 456
14 44 456
20 3 973
3 20 973
58 37 397
37 58 397
47 33 283
33 47 283
41 42 928
42 41 928
14 78 669
78 14 669
30 26 820
26 30 820
36 18 400
18 36 400
58 21 712
21 58 712
79 17 419
17 79 419
58 74 33
74 58 33
72 59 283
59 72 283
67 1 760
1 67 760
48 63 557
63 48 557
24 22 510
22 24 510
30 21 172
21 30 172
2 67 947
67 2 947
57 21 493
21 57 493
49 16 687
16 49 687
64 62 74
62 64 74
76 44 742
44 76 742
36 62 141
62 36 141
77 67 991
67 77 991
0 51 742
51 0 742
73 8 360
8 73 360
68 41 415
41 68 415
42 69 137
69 42 137
16 44 725
44 16 725
78 53 321
53 78 321
6 25 916
25 6 916
58 76 521
76 58 521
0 61 879
61 0 879
9 69 7
69 9 7
53 14 371
14 53 371
50 79 989
79 50 989
39 74 197
74 39 197
2 22 324
22 2 324
3 35 948
35 3 948
33 62 630
62 33 630
37 10 378
10 37 378
33 65 644
65 33 644
6 73 925
73 6 925
46 19 540
19 46 540
39 32 552
32 39 552
10 18 782
18 10 782
17 33 147
33 17 147
5 9 241
9 5 241
59 38 438
38 59 438
65 55 985
55 65 985
4 31 988
31 4 988
3 45 101
45 3 101
71 43 639
43 71 639
42 12 225
12 42 225
38 78 396
78 38 396
32 36 594
36 32 594
53 15 822
15 53 822
31 37 354
37 31 354
49 47 198
47 49 198
62 45 49
45 62 49
33 28 800
28 33 800
40 60 5
60 40 5
14 38 942
38 14 942
64 8 421
8 64 421
20 40 874
40 20 874
71 45 745
45 71 745
66 22 75
22 66 75
44 53 966
53 44 966
51 73 980
73 51 980
50 47 172
47 50 172
72 76 177
76 72 177
51 49 433
49 51 433
3 39 565
39 3 565
20 53 362
53 20 362
15 26 751
26 15 751
16 62 566
62 16 566
63 57 88
57 63 88
70 21 61
21 70 61
7 38 373
38 7 373
33 2 155
2 33 155
61 41 95
41 61 95
43 8 102
8 43 102
8 66 930
66 8 930
2 67 344
67 2 344
61 26 142
26 61 142
42 67 132
67 42 132
67 45 45
45 67 45
0 49 67
49 0 67
51 12 971
12 51 971
63 5 58
5 63 58
44 75 42
75 44 42
61 3 532
3 61 532
6 60 212
60 6 212
36 65 134
65 36 134
55 0 870
0 55 870
15 5 627
5 15 627
42 66 800
66 42 800
27 46 191
46 27 191
2 67 781
67 2 781
14 65 945
65 14 945
74 69 521
69 74 521
16 12 983
12 16 983
3 17 715
17 3 715
78 61 149
61 78 149
24 18 257
18 24 257
30 40 26
40 30 26
18 79 834
79 18 834
10 37 56
37 10 56
25 30 357
30 25 357
15 3 886
3 15 886
73 52 819
52 73 819
66 42 476
42 66 476
60 56 71
56 60 71
56 79 443
79 56 443
75 70 767
70 75 767
7 42 104
42 7 104
43 19 895
19 43 895
52 59 261
59 52 261
18 37 7
37 18 7
20 1 743
1 20 743
21 34 484
34 21 484
32 49 640
49 32 640
61 5 946
5 61 946
79 32 59
32 79 59
26 68 463
68 26 463
40 61 436
61 40 436
25 32 998
32 25 998
17 28 164
28 17 164
39 51 896
51 39 896
64 48 114
48 64 114
14 60 690
60 14 690
66 41 685
41 66 685
4 56 556
56 4 556
21 5 221
5 21 221
13 73 275
73 13 275
57 40 529
40 57 529
28 65 446
65 28 446
53 35 508
35 53 508
23 61 309
61 23 309
51 46 706
46 51 706
28 71 901
71 28 901
76 3 495
3 76 495
33 4 955
4 33 955
66 38 491
38 66 491
46 57 918
57 46 918
1 35 561
35 1 561
38 34 146
34 38 146
8 10 519
10 8 519
8 45 290
45 8 290
49 60 277
60 49 277
77 11 322
11 77 322
20 61 97
61 20 97
48 25 818
25 48 818
59 32 373
32 59 373
76 22 950
22 76 950
44 27 549
27 44 549
18 45 602
45 18 602
44 56 735
56 44 735
44 78 206
78 44 206
44 52 655
52 44 655
69 35 795
35 69 795
12 44 80
44 12 80
14 25 969
25 14 969
63 70 467
70 63 467
73 73 133
73 73 133
24 35 678
35 24 678
13 76 456
76 13 456
12 27 694
27 12 694
37 14 52
14 37 52
49 76 784
76 49 784
70 47 816
47 70 816
18 66 427
66 18 427
64 76 41
76 64 41
70 61 226
61 70 226
5 45 375
45 5 375
71 49 392
49 71 392
29 54 651
54 29 651
14 76 878
76 14 878
1 63 523
63 1 523
14 42 706
42 14 706
60 50 495
50 60 495
25 60 333
60 25 333
10 74 847
74 10 847
40 77 127
77 40 127
30 9 589
9 30 589
39 42 703
42 39 703
33 6 294
6 33 294
13 46 139
46 13 139
24 61 989
61 24 989
57 40 575
40 57 575
55 33 796
33 55 796
42 23 21
23 42 21
43 58 129
58 43 129
55 57 371
57 55 371
42 67 522
67 42 522
13 64 251
64 13 251
2 16 843
16 2 843
2 28 98
28 2 98
13 67 210
67 13 210
15 62 595
62 15 595
45 32 922
32 45 922
44 29 239
29 44 239
23 59 731
59 23 731
1 41 580
41 1 580
29 37 640
37 29 640
52 74 365
74 52 365
46 40 791
40 46 791
59 1 668
1 59 668
65 22 680
22 65 680
54 3 228
3 54 228
52 53 786
53 52 786
17 36 236
36 17 236
15 57 525
57 15 525
51 21 835
21 51 835
17 24 629
24 17 629
72 40 433
40 72 433
54 74 877
74 54 877
29 56 487
56 29 487
3 12 491
12 3 491
72 47 181
47 72 181
51 29 295
29 51 295
55 7 292
7 55 292
19 17 890
17 19 890
50 11 317
11 50 317
65 0 386
0 65 386
10 47 137
47 10 137
10 34 526
34 10 526
52 79 212
79 52 212
6 5 824
5 6 824
11 59 321
59 11 321
19 38 610
38 19 610
58 40 480
40 58 480
27 47 370
47 27 370
59 46 199
46 59 199
33 73 935
73 33 935
55 59 740
59 55 740
44 75 412
75 44 412
63 1 298
1 63 298
35 76 729
76 35 729
37 48 639
48 37 639
0 16 643
16 0 643
18 79 850
79 18 850
38 11 96
11 38 96
42 62 891
62 42 891
10 26 174
26 10 174
40 63 217
63 40 217
76 13 532
13 76 532
76 40 216
40 76 216
64 52 458
52 64 458
5 1 686
1 5 686
43 17 788
17 43 788
6 39 706
39 6 706
27 69 202
69 27 202
61 28 246
28 61 246
41 7 495
7 41 495
11 10 664
10 11 664
16 45 518
45 16 518
29 38 940
38 29 940
5 13 355
13 5 355
44 59 743
59 44 743
62 64 522
64 62 522
42 21 675
21 42 675
8 44 310
44 8 310
37 19 967
19 37 967
72 34 98
34 72 98
41 53 794
53 41 794
13 67 811
67 13 811
12 0 700
0 12 700
36 36 843
36 36 843
62 42 359
42 62 359
46 66 679
66 46 679
60 68 456
68 60 456
4 62 37
62 4 37
42 8 623
8 42 623
17 41 348
41 17 348
47 65 671
65 47 671
36 30 776
30 36 776
63 48 470
48 63 470
2 66 308
66 2 308
12 3 508
3 12 508
53 64 963
64 53 963
38 13 970
13 38 970
17 61 169
61 17 169
0 30 498
30 0 498
73 62 772
62 73 772
51 63 821
63 51 821
47 43 204
43 47 204
47 74 246
74 47 246
63 74 172
74 63 172
55 55 747
55 55 747
36 13 428
13 36 428
13 27 683
27 13 683
65 9 930
9 65 930
71 68 512
68 71 512
4 62 160
62 4 160
56 37 502
37 56 502
59 35 970
35 59 970
27 60 166
60 27 166
3 46 944
46 3 944
56 47 699
47 56 699
77 74 735
74 77 735
42 46 982
46 42 982
37 33 408
33 37 408
26 6 872
6 26 872
4 55 126
55 4 126
5 71 69
71 5 69
59 72 942
72 59 942
10 37 793
37 10 793
54 27 748
27 54 748
49 50 841
50 49 841
74 63 830
63 74 830
0 18 172
18 0 172
76 36 26
36 76 26
8 21 581
21 8 581
45 71 123
71 45 123
76 76 790
76 76 790
36 14 310
14 36 310
3 25 425
25 3 425
29 36 32
36 29 32
69 19 382
19 69 382
39 29 389
29 39 389
65 26 630
26 65 630
15 73 358
73 15 358
15 56 857
56 15 857
7 57 120
57 7 120
75 15 208
15 75 208
15 35 824
35 15 824
11 55 133
55 11 133
28 73 84
73 28 84
28 75 261
75 28 261
27 36 189
36 27 189
51 17 426
17 51 426
16 35 430
35 16 430
75 4 782
4 75 782
65 66 341
66 65 341
38 46 238
46 38 238
9 3 30
3 9 30
43 19 883
19 43 883
29 0 479
0 29 479
34 49 385
49 34 385
6 58 49
58 6 49
5 61 836
61 5 836
45 11 553
11 45 553
48 13 137
13 48 137
13 26 437
26 13 437
69 32 5
32 69 5
71 39 873
39 71 873
68 9 494
9 68 494
68 15 432
15 68 432
66 49 491
49 66 491
29 43 579
43 29 579
21 79 688
79 21 688
62 16 673
16 62 673
50 5 372
5 50 372
78 42 267
42 78 267
58 42 536
42 58 536
72 38 707
38 72 707
62 78 932
78 62 932
0 36 317
36 0 317
70 33 205
33 70 205
52 60 695
60 52 695
2 40 733
40 2 733
60 45 906
45 60 906
54 30 321
30 54 321
52 57 584
57 52 584
56 4 7
4 56 7
26 45 21
45 26 21
40 51 203
51 40 203
26 74 332
74 26 332
21 52 633
52 21 633
